0.800381	-0.998383	-1	-0.866667
-0.998383	0.422141	-1	-0.866667
0.422141	-0.998383	-1	-0.866667
-0.998383	0.679591	-1	-0.866667
-0.998383	0.264302	-1	-0.866667
0.264302	-0.998383	-1	-0.866667
-0.998383	0.824582	-1	-0.866667
-0.998383	0.613489	-1	-0.866667
0.788113	-0.998383	-1	-0.866667
-0.998383	0.375845	-1	-0.866667
0.375845	-0.998383	-1	-0.866667
0.43328	-0.998383	-1	-0.866667
-0.998383	0.545006	-1	-0.866667
0.545006	-0.998383	-1	-0.866667
-0.998383	0.438254	-1	-0.866667
0.438254	-0.998383	-1	-0.866667
-0.998383	0.750393	-1	-0.866667
-0.998383	0.213519	-1	-0.866667
0.213519	-0.998383	-1	-0.866667
-0.998383	0.0597086	-1	-0.866667
0.0597086	-0.998383	-1	-0.866667
-0.998383	0.787015	-1	-0.866667
0.787015	-0.998383	-1	-0.866667
-0.998383	0.320943	-1	-0.866667
0.320943	-0.998383	-1	-0.866667
-0.998383	0.82797	-1	-0.866667
0.82797	-0.998383	-1	-0.866667
-0.998383	0.464073	-1	-0.866667
0.298085	-0.999359	-0.788235	-0.952941
-0.999359	0.298085	-0.788235	-0.952941
0.662623	-0.998383	-1	-0.866667
-0.998383	0.650721	-1	-0.866667
0.650721	-0.998383	-1	-0.866667
-0.998383	0.324788	-1	-0.866667
0.0865644	-0.999359	-0.788235	-0.952941
-0.998383	0.33611	-1	-0.866667
0.752712	-0.656977	-0.85098	-0.952941
-0.656977	0.752712	-0.788235	-0.952941
0.249897	-0.656672	-0.85098	-0.952941
0.835996	-0.656703	-0.85098	-0.952941
0.40029	-0.657496	-0.85098	-0.952941
-0.657496	0.40029	-0.788235	-0.952941
-0.998383	0.798276	-1	-0.866667
0.798276	-0.998383	-1	-0.866667
-0.657496	0.0788128	-0.788235	-0.952941
0.31899	-0.657496	-0.85098	-0.952941
-0.657496	0.31899	-0.788235	-0.952941
0.137804	-0.656733	-0.85098	-0.952941
0.352163	-0.657191	-0.85098	-0.952941
-0.657191	0.352163	-0.788235	-0.952941
0.664393	-0.656764	-0.85098	-0.952941
-0.656764	0.774472	-0.788235	-0.952941
-0.657404	0.0443275	-0.788235	-0.952941
-0.657221	0.188586	-0.788235	-0.952941
-0.657404	0.119829	-0.788235	-0.952941
0.787961	-0.999359	-0.788235	-0.952941
-0.999359	0.787961	-0.788235	-0.952941
-0.998383	0.338125	-1	-0.866667
0.338125	-0.998383	-1	-0.866667
-0.998383	0.350332	-1	-0.866667
0.350332	-0.998383	-1	-0.866667
0.495048	-0.931426	-0.85098	-0.952941
-0.931426	0.495048	-0.788235	-0.952941
0.174243	-0.931395	-0.85098	-0.952941
-0.931395	0.174243	-0.788235	-0.952941
0.261341	-0.931334	-0.85098	-0.952941
0.315267	-0.999359	-0.756863	-0.952941
0.677119	-0.949218	-0.984314	-0.952941
-0.998383	0.832456	-1	-0.866667
0.832456	-0.998383	-1	-0.866667
0.126513	-0.948211	-0.85098	-0.952941
-0.949065	0.410666	-0.788235	-0.952941
-0.948608	0.0983139	-0.788235	-0.952941
0.753017	-0.94815	-0.85098	-0.952941
0.391745	-0.979858	-0.788235	-0.952941
-0.979858	0.391745	-0.788235	-0.952941
0.149279	-0.997559	-0.756863	-0.952941
-0.997559	0.149279	-0.764706	-0.952941
0.793668	-0.997559	-0.756863	-0.952941
0.793698	-0.997559	-0.756863	-0.952941
0.643732	-0.997559	-0.756863	-0.952941
0.644282	-0.997559	-0.756863	-0.952941
-0.997559	0.644282	-0.796078	-0.952941
0.643366	-0.997559	-0.756863	-0.952941
-0.997559	0.643366	-0.796078	-0.952941
0.84036	-0.998383	-1	-0.866667
-0.998383	0.543908	-1	-0.866667
0.543908	-0.998383	-1	-0.866667
0.146838	-0.997559	-0.788235	-0.952941
0.146899	-0.997559	-0.788235	-0.952941
-0.997559	0.146899	-0.788235	-0.952941
0.14696	-0.997559	-0.788235	-0.952941
-0.997559	0.14696	-0.788235	-0.952941
0.14699	-0.997559	-0.788235	-0.952941
-0.997559	0.14699	-0.788235	-0.952941
-0.997559	0.147173	-0.788235	-0.952941
0.147234	-0.997559	-0.788235	-0.952941
-0.997559	0.147234	-0.788235	-0.952941
0.147265	-0.997559	-0.788235	-0.952941
-0.997559	0.147265	-0.788235	-0.952941
0.147356	-0.997559	-0.788235	-0.952941
-0.997559	0.147356	-0.788235	-0.952941
0.0431983	-0.997559	-0.788235	-0.952941
-0.997559	0.0431983	-0.788235	-0.952941
0.146868	-0.997559	-0.788235	-0.952941
-0.997559	0.147387	-0.788235	-0.952941
0.043473	-0.997559	-0.788235	-0.952941
-0.997559	0.043473	-0.788235	-0.952941
-0.997559	0.0435035	-0.788235	-0.952941
-0.998383	0.831876	-1	-0.866667
0.831876	-0.998383	-1	-0.866667
-0.998383	0.124712	-1	-0.866667
-0.998383	0.704585	-1	-0.866667
0.465843	-0.998383	-1	-0.866667
-0.997559	0.147143	-0.788235	-0.952941
-0.998383	0.170977	-1	-0.866667
0.760037	-0.997559	-0.788235	-0.952941
0.147997	-0.997559	-0.788235	-0.952941
-0.998383	0.623926	-1	-0.866667
0.148089	-0.997559	-0.788235	-0.952941
0.148119	-0.997559	-0.788235	-0.952941
-0.997559	0.148119	-0.788235	-0.952941
-0.997559	0.14815	-0.788235	-0.952941
-0.997559	0.14818	-0.788235	-0.952941
0.148211	-0.997559	-0.788235	-0.952941
-0.997559	0.148302	-0.788235	-0.952941
0.148333	-0.997559	-0.788235	-0.952941
-0.997559	0.148333	-0.788235	-0.952941
0.148363	-0.997559	-0.788235	-0.952941
-0.997559	0.148363	-0.788235	-0.952941
-0.997559	0.760586	-0.788235	-0.952941
0.760586	-0.997559	-0.788235	-0.952941
0.712306	-0.997559	-0.788235	-0.952941
-0.997559	0.712306	-0.788235	-0.952941
0.148394	-0.997559	-0.788235	-0.952941
0.148455	-0.997559	-0.788235	-0.952941
-0.997559	0.148455	-0.788235	-0.952941
0.148516	-0.997559	-0.788235	-0.952941
-0.997559	0.148547	-0.788235	-0.952941
-0.997559	0.148577	-0.788235	-0.952941
-0.997559	0.148608	-0.788235	-0.952941
-0.997559	0.148638	-0.788235	-0.952941
0.148669	-0.997559	-0.788235	-0.952941
0.14873	-0.997559	-0.788235	-0.952941
-0.997559	0.14873	-0.788235	-0.952941
0.14876	-0.997559	-0.788235	-0.952941
0.148791	-0.997559	-0.788235	-0.952941
-0.997559	0.148821	-0.788235	-0.952941
-0.997559	0.148852	-0.788235	-0.952941
0.148882	-0.997559	-0.788235	-0.952941
-0.997559	0.148882	-0.788235	-0.952941
0.148943	-0.997559	-0.788235	-0.952941
-0.997559	0.148943	-0.788235	-0.952941
-0.997559	0.149035	-0.788235	-0.952941
0.149065	-0.997559	-0.788235	-0.952941
0.149157	-0.997559	-0.788235	-0.952941
-0.997559	0.149157	-0.788235	-0.952941
-0.997559	0.149187	-0.788235	-0.952941
-0.997559	0.149218	-0.788235	-0.952941
0.149248	-0.997559	-0.788235	-0.952941
-0.997559	0.149248	-0.788235	-0.952941
-0.998383	0.57229	-1	-0.866667
0.57229	-0.998383	-1	-0.866667
-0.998383	0.486839	-1	-0.866667
0.295277	-0.998383	-1	-0.866667
0.601923	-0.998383	-1	-0.866667
0.625635	-0.998383	-1	-0.866667
-0.998383	0.424155	-1	-0.866667
0.424155	-0.998383	-1	-0.866667
-0.998383	0.0623331	-1	-0.866667
0.0623331	-0.998383	-1	-0.866667
0.707179	-0.998383	-1	-0.866667
-0.998383	0.177173	-1	-0.866667
0.177173	-0.998383	-1	-0.866667
-0.998383	0.0907759	-1	-0.866667
-0.998383	0.78613	-1	-0.866667
-0.998383	0.0633097	-1	-0.866667
0.0633097	-0.998383	-1	-0.866667
-0.998383	0.855253	-1	-0.866667
0.855253	-0.998383	-1	-0.866667
-0.998383	0.597559	-1	-0.866667
0.597559	-0.998383	-1	-0.866667
-0.998383	0.66479	-1	-0.866667
0.66479	-0.998383	-1	-0.866667
-0.998383	0.0565957	-1	-0.866667
-0.998383	0.752285	-1	-0.866667
0.21004	-0.998383	-1	-0.866667
0.480095	-0.998383	-1	-0.866667
-0.998383	0.0584573	-1	-0.866667
0.0584573	-0.998383	-1	-0.866667
0.031754	-0.998383	-1	-0.866667
-0.998383	0.361563	-1	-0.866667
0.552789	-0.998383	-1	-0.866667
-0.998383	0.618677	-1	-0.866667
0.385122	-0.998383	-1	-0.866667
0.519524	-0.998383	-1	-0.866667
0.446342	-0.998383	-1	-0.866667
-0.998383	0.345907	-1	-0.866667
0.697322	-0.998383	-1	-0.866667
-0.997559	0.0434119	-0.788235	-0.952941
0.0438392	-0.997559	-0.788235	-0.952941
-0.997559	0.0438392	-0.788235	-0.952941
0.0438697	-0.997559	-0.788235	-0.952941
-0.997559	0.0439002	-0.788235	-0.952941
-0.997559	0.0440223	-0.788235	-0.952941
0.0440528	-0.997559	-0.788235	-0.952941
-0.997559	0.0440528	-0.788235	-0.952941
-0.997559	0.0440833	-0.788235	-0.952941
-0.997559	0.0441138	-0.788235	-0.952941
0.0441444	-0.997559	-0.788235	-0.952941
-0.997559	0.0441444	-0.788235	-0.952941
0.0441749	-0.997559	-0.788235	-0.952941
0.534539	-0.997559	-0.788235	-0.952941
-0.997559	0.534539	-0.788235	-0.952941
-0.997559	0.0442969	-0.788235	-0.952941
-0.998383	0.0677653	-1	-0.866667
-0.998383	0.637629	-1	-0.866667
0.289479	-0.998383	-1	-0.866667
-0.998383	0.63357	-1	-0.866667
0.783413	-0.998383	-1	-0.866667
0.569268	-0.998383	-1	-0.866667
-0.998383	0.605097	-1	-0.866667
0.278828	-0.998383	-1	-0.866667
0.639734	-0.998383	-1	-0.866667
0.718257	-0.998383	-1	-0.866667
0.189014	-0.998383	-1	-0.866667
-0.998383	0.528588	-1	-0.866667
-0.998383	0.334493	-1	-0.866667
0.334493	-0.998383	-1	-0.866667
-0.998383	0.538018	-1	-0.866667
0.538018	-0.998383	-1	-0.866667
-0.998383	0.362356	-1	-0.866667
0.362356	-0.998383	-1	-0.866667
-0.998383	0.759823	-1	-0.866667
0.759823	-0.998383	-1	-0.866667
-0.998383	0.821378	-1	-0.866667
0.821378	-0.998383	-1	-0.866667
-0.998383	0.63769	-1	-0.866667
0.63769	-0.998383	-1	-0.866667
0.614588	-0.998383	-1	-0.866667
-0.998383	0.755612	-1	-0.866667
-0.998383	0.742794	-1	-0.866667
-0.998383	0.482872	-1	-0.866667
0.482872	-0.998383	-1	-0.866667
0.367666	-0.998383	-1	-0.866667
-0.998383	0.0410925	-1	-0.866667
-0.998383	0.270344	-1	-0.866667
0.270344	-0.998383	-1	-0.866667
-0.998383	0.40383	-1	-0.866667
0.40383	-0.998383	-1	-0.866667
0.575525	-0.998383	-1	-0.866667
0.761166	-0.998383	-1	-0.866667
-0.998383	0.259388	-1	-0.866667
0.259388	-0.998383	-1	-0.866667
-0.998383	0.0379797	-1	-0.866667
0.0379797	-0.998383	-1	-0.866667
0.0408789	-0.998383	-1	-0.866667
-0.998383	0.0752422	-1	-0.866667
0.0752422	-0.998383	-1	-0.866667
-0.998383	0.807004	-1	-0.866667
0.807004	-0.998383	-1	-0.866667
-0.998383	0.699733	-1	-0.866667
0.699733	-0.998383	-1	-0.866667
-0.998383	0.0610819	-1	-0.866667
0.0610819	-0.998383	-1	-0.866667
-0.998383	0.0644999	-1	-0.866667
-0.998383	0.723598	-1	-0.866667
-0.998383	0.364096	-1	-0.866667
0.364096	-0.998383	-1	-0.866667
-0.998383	0.695247	-1	-0.866667
0.695247	-0.998383	-1	-0.866667
-0.998383	0.0676432	-1	-0.866667
0.0676432	-0.998383	-1	-0.866667
-0.998383	0.317372	-1	-0.866667
-0.998383	0.491325	-1	-0.866667
0.491325	-0.998383	-1	-0.866667
-0.998383	0.724056	-1	-0.866667
0.0574197	-0.998383	-1	-0.866667
-0.998383	0.568322	-1	-0.866667
0.568322	-0.998383	-1	-0.866667
0.682033	-0.998383	-1	-0.866667
-0.998383	0.332052	-1	-0.866667
-0.998383	0.0529641	-1	-0.866667
0.511284	-0.998383	-1	-0.866667
0.142077	-0.998383	-1	-0.866667
-0.998383	0.600671	-1	-0.866667
0.600671	-0.998383	-1	-0.866667
0.389242	-0.997559	-0.788235	-0.952941
0.846311	-0.997559	-0.788235	-0.952941
0.151415	-0.997559	-0.788235	-0.952941
-0.997559	0.151415	-0.788235	-0.952941
-0.998383	0.171466	-1	-0.866667
0.745266	-0.998383	-1	-0.866667
-0.998383	0.646601	-1	-0.866667
0.646601	-0.998383	-1	-0.866667
0.249561	-0.997559	-0.788235	-0.952941
-0.997559	0.249561	-0.788235	-0.952941
-0.997559	0.249592	-0.788235	-0.952941
-0.997559	0.249622	-0.788235	-0.952941
0.249683	-0.997559	-0.788235	-0.952941
-0.997559	0.249714	-0.788235	-0.952941
0.249744	-0.997559	-0.788235	-0.952941
0.313588	-0.997559	-0.788235	-0.952941
-0.997559	0.313588	-0.788235	-0.952941
0.313619	-0.997559	-0.788235	-0.952941
-0.997559	0.313619	-0.788235	-0.952941
-0.997559	0.249836	-0.788235	-0.952941
-0.998383	0.170611	-1	-0.866667
0.170611	-0.998383	-1	-0.866667
0.31368	-0.997559	-0.788235	-0.952941
-0.997559	0.677729	-0.788235	-0.952941
-0.998383	0.03093	-1	-0.866667
0.03093	-0.998383	-1	-0.866667
-0.998383	0.694545	-1	-0.866667
0.694545	-0.998383	-1	-0.866667
0.396597	-0.998383	-1	-0.866667
-0.998383	0.60119	-1	-0.866667
0.60119	-0.998383	-1	-0.866667
0.313863	-0.997559	-0.788235	-0.952941
-0.998383	0.175738	-1	-0.866667
0.320912	-0.998383	-1	-0.866667
-0.997559	0.313954	-0.788235	-0.952941
-0.997559	0.250172	-0.788235	-0.952941
-0.998383	0.379355	-1	-0.866667
0.379355	-0.998383	-1	-0.866667
-0.997559	0.250233	-0.788235	-0.952941
-0.997559	0.314137	-0.788235	-0.952941
-0.997559	0.850462	-0.788235	-0.952941
-0.998383	0.282368	-1	-0.866667
0.282368	-0.998383	-1	-0.866667
0.420279	-0.997559	-0.788235	-0.952941
-0.998383	0.643214	-1	-0.866667
0.642817	-0.997559	-0.788235	-0.952941
-0.997559	0.642847	-0.788235	-0.952941
0.642878	-0.997559	-0.788235	-0.952941
0.642939	-0.997559	-0.788235	-0.952941
-0.997559	0.642939	-0.788235	-0.952941
0.643	-0.997559	-0.788235	-0.952941
-0.997559	0.643	-0.788235	-0.952941
0.728206	-0.998383	-1	-0.866667
0.172412	-0.997559	-0.788235	-0.952941
-0.997559	0.643091	-0.788235	-0.952941
-0.997559	0.643122	-0.788235	-0.952941
-0.997559	0.571527	-0.796078	-0.952941
0.643153	-0.997559	-0.788235	-0.952941
-0.997559	0.643153	-0.788235	-0.952941
-0.998383	0.720974	-1	-0.866667
0.57702	-0.997559	-0.788235	-0.952941
-0.997559	0.656031	-0.788235	-0.952941
0.656367	-0.997559	-0.788235	-0.952941
-0.997559	0.656397	-0.788235	-0.952941
0.00846876	-0.997559	-0.788235	-0.952941
-0.997559	0.00846876	-0.788235	-0.952941
-0.997559	0.00849928	-0.788235	-0.952941
0.00856031	-0.997559	-0.788235	-0.952941
-0.997559	0.00856031	-0.788235	-0.952941
0.568109	-0.997559	-0.788235	-0.952941
-0.997559	0.568109	-0.788235	-0.952941
0.00862135	-0.997559	-0.788235	-0.952941
-0.997559	0.00862135	-0.788235	-0.952941
0.00865187	-0.997559	-0.788235	-0.952941
-0.997559	0.00865187	-0.788235	-0.952941
-0.997559	0.309071	-0.788235	-0.952941
0.309133	-0.997559	-0.788235	-0.952941
-0.997559	0.309133	-0.788235	-0.952941
0.309163	-0.997559	-0.788235	-0.952941
-0.997559	0.309163	-0.788235	-0.952941
0.643061	-0.997559	-0.788235	-0.952941
-0.997559	0.172595	-0.788235	-0.952941
-0.997559	0.643244	-0.788235	-0.952941
0.643275	-0.997559	-0.788235	-0.952941
0.643305	-0.997559	-0.788235	-0.952941
0.172808	-0.997559	-0.788235	-0.952941
-0.997559	0.643458	-0.788235	-0.952941
-0.997559	0.643488	-0.788235	-0.952941
-0.997559	0.643549	-0.788235	-0.952941
0.64358	-0.997559	-0.788235	-0.952941
-0.997559	0.64358	-0.788235	-0.952941
-0.997559	0.64361	-0.788235	-0.952941
0.643641	-0.997559	-0.788235	-0.952941
-0.997559	0.643641	-0.788235	-0.952941
0.643671	-0.997559	-0.788235	-0.952941
-0.997559	0.643671	-0.788235	-0.952941
-0.997559	0.643977	-0.788235	-0.952941
0.644007	-0.997559	-0.788235	-0.952941
0.644038	-0.997559	-0.788235	-0.952941
-0.997559	0.644038	-0.788235	-0.952941
0.392996	-0.997559	-0.788235	-0.952941
-0.997559	0.643397	-0.788235	-0.952941
-0.997559	0.173175	-0.788235	-0.952941
0.173205	-0.997559	-0.788235	-0.952941
0.173327	-0.997559	-0.788235	-0.952941
-0.997559	0.173327	-0.788235	-0.952941
-0.997559	0.173449	-0.788235	-0.952941
0.644099	-0.997559	-0.788235	-0.952941
0.644129	-0.997559	-0.788235	-0.952941
-0.997559	0.64419	-0.788235	-0.952941
0.644221	-0.997559	-0.788235	-0.952941
0.644251	-0.997559	-0.788235	-0.952941
0.644312	-0.997559	-0.788235	-0.952941
-0.997559	0.644312	-0.788235	-0.952941
0.644343	-0.997559	-0.788235	-0.952941
-0.997559	0.173754	-0.788235	-0.952941
0.173785	-0.997559	-0.788235	-0.952941
-0.997559	0.173816	-0.788235	-0.952941
0.644465	-0.997559	-0.788235	-0.952941
0.644495	-0.997559	-0.788235	-0.952941
0.644526	-0.997559	-0.788235	-0.952941
-0.997559	0.644526	-0.788235	-0.952941
0.644556	-0.997559	-0.788235	-0.952941
-0.997559	0.644587	-0.788235	-0.952941
-0.997559	0.173999	-0.788235	-0.952941
0.643763	-0.997559	-0.788235	-0.952941
-0.997559	0.173266	-0.788235	-0.952941
0.173297	-0.997559	-0.788235	-0.952941
0.17409	-0.997559	-0.788235	-0.952941
0.174121	-0.997559	-0.788235	-0.952941
0.64477	-0.997559	-0.788235	-0.952941
0.174182	-0.997559	-0.788235	-0.952941
0.174212	-0.997559	-0.788235	-0.952941
0.174243	-0.997559	-0.788235	-0.952941
-0.997559	0.174273	-0.788235	-0.952941
0.174304	-0.997559	-0.788235	-0.952941
-0.997559	0.174365	-0.788235	-0.952941
0.645045	-0.997559	-0.788235	-0.952941
-0.997559	0.645045	-0.788235	-0.952941
-0.997559	0.645106	-0.788235	-0.952941
0.645136	-0.997559	-0.788235	-0.952941
-0.997559	0.645136	-0.788235	-0.952941
-0.997559	0.645197	-0.788235	-0.952941
0.174609	-0.997559	-0.788235	-0.952941
-0.997559	0.174609	-0.788235	-0.952941
-0.997559	0.645258	-0.788235	-0.952941
-0.997559	0.645289	-0.788235	-0.952941
0.174731	-0.997559	-0.788235	-0.952941
-0.997559	0.174731	-0.788235	-0.952941
-0.998383	0.311086	-1	-0.866667
0.311086	-0.998383	-1	-0.866667
0.645411	-0.997559	-0.788235	-0.952941
0.645441	-0.997559	-0.788235	-0.952941
-0.997559	0.645441	-0.788235	-0.952941
0.554681	-0.998383	-1	-0.866667
-0.998383	0.809567	-1	-0.866667
-0.997559	0.407523	-0.788235	-0.952941
0.0597696	-0.998383	-1	-0.866667
-0.997559	0.175097	-0.788235	-0.952941
0.175128	-0.997559	-0.788235	-0.952941
-0.997559	0.175128	-0.788235	-0.952941
-0.997559	0.175158	-0.788235	-0.952941
0.175189	-0.997559	-0.788235	-0.952941
-0.997559	0.175189	-0.788235	-0.952941
-0.998383	0.0640116	-1	-0.866667
0.104234	-0.998383	-1	-0.866667
0.645563	-0.997559	-0.788235	-0.952941
-0.997559	0.645563	-0.788235	-0.952941
-0.998383	0.49102	-1	-0.866667
0.49102	-0.998383	-1	-0.866667
0.175067	-0.997559	-0.788235	-0.952941
-0.997559	0.645869	-0.788235	-0.952941
-0.998383	0.435538	-1	-0.866667
-0.998383	0.488151	-1	-0.866667
-0.998383	0.840726	-1	-0.866667
0.840726	-0.998383	-1	-0.866667
-0.997559	0.64593	-0.788235	-0.952941
0.64596	-0.997559	-0.788235	-0.952941
-0.997559	0.64596	-0.788235	-0.952941
0.175372	-0.997559	-0.788235	-0.952941
-0.997559	0.175372	-0.788235	-0.952941
-0.997559	0.175433	-0.788235	-0.952941
-0.997559	0.646082	-0.788235	-0.952941
0.175525	-0.997559	-0.788235	-0.952941
-0.997559	0.175525	-0.788235	-0.952941
0.175555	-0.997559	-0.788235	-0.952941
-0.997559	0.175555	-0.788235	-0.952941
-0.997559	0.175586	-0.788235	-0.952941
0.175616	-0.997559	-0.788235	-0.952941
0.175647	-0.997559	-0.788235	-0.952941
0.646296	-0.997559	-0.788235	-0.952941
-0.997559	0.646296	-0.788235	-0.952941
0.646326	-0.997559	-0.788235	-0.952941
0.408408	-0.997559	-0.788235	-0.952941
-0.997559	0.17586	-0.788235	-0.952941
0.175891	-0.997559	-0.788235	-0.952941
-0.997559	0.176074	-0.788235	-0.952941
-0.997559	0.176043	-0.788235	-0.952941
0.667781	-0.998383	-1	-0.866667
0.176165	-0.997559	-0.788235	-0.952941
0.646845	-0.997559	-0.788235	-0.952941
0.580713	-0.997559	-0.788235	-0.952941
-0.997559	0.580713	-0.788235	-0.952941
0.290211	-0.997559	-0.788235	-0.952941
0.580774	-0.997559	-0.788235	-0.952941
-0.998383	0.294331	-1	-0.866667
0.294331	-0.998383	-1	-0.866667
-0.998383	0.563287	-1	-0.866667
0.150256	-0.997559	-0.788235	-0.952941
-0.997559	0.150256	-0.788235	-0.952941
0.0158541	-0.997559	-0.788235	-0.952941
-0.997559	0.0158541	-0.788235	-0.952941
-0.998383	0.181933	-1	-0.866667
0.181933	-0.998383	-1	-0.866667
0.726497	-0.998383	-1	-0.866667
-0.998383	0.178119	-1	-0.866667
0.178119	-0.998383	-1	-0.866667
0.732296	-0.998383	-1	-0.866667
0.174884	-0.998383	-1	-0.866667
0.557244	-0.998383	-1	-0.866667
-0.998383	0.0656291	-1	-0.866667
0.53579	-0.997559	-0.788235	-0.952941
-0.998383	0.0778973	-1	-0.866667
0.0778973	-0.998383	-1	-0.866667
0.0148165	-0.997559	-0.788235	-0.952941
0.014847	-0.997559	-0.788235	-0.952941
-0.997559	0.014847	-0.788235	-0.952941
0.058732	-0.998383	-1	-0.866667
-0.998383	0.440146	-1	-0.866667
0.440146	-0.998383	-1	-0.866667
0.383932	-0.997559	-0.788235	-0.952941
-0.997559	0.383932	-0.788235	-0.952941
0.573693	-0.997559	-0.764706	-0.952941
0.821836	-0.997559	-0.788235	-0.952941
-0.997559	0.821836	-0.788235	-0.952941
-0.997559	0.569177	-0.788235	-0.952941
-0.997559	0.821958	-0.788235	-0.952941
-0.997559	0.821988	-0.788235	-0.952941
0.822019	-0.997559	-0.788235	-0.952941
-0.997559	0.822019	-0.788235	-0.952941
0.82208	-0.997559	-0.788235	-0.952941
0.82211	-0.997559	-0.788235	-0.952941
0.822202	-0.997559	-0.788235	-0.952941
-0.997559	0.569512	-0.788235	-0.952941
0.822263	-0.997559	-0.788235	-0.952941
-0.997559	0.822263	-0.788235	-0.952941
-0.997559	0.822293	-0.788235	-0.952941
-0.997559	0.822507	-0.788235	-0.952941
-0.997559	0.822568	-0.788235	-0.952941
-0.997559	0.822599	-0.788235	-0.952941
0.0698711	-0.997559	-0.788235	-0.952941
-0.997559	0.0698711	-0.788235	-0.952941
0.426596	-0.998383	-1	-0.866667
-0.997559	0.569146	-0.788235	-0.952941
0.822751	-0.997559	-0.788235	-0.952941
-0.997559	0.822751	-0.788235	-0.952941
0.822782	-0.997559	-0.788235	-0.952941
-0.997559	0.822782	-0.788235	-0.952941
-0.997559	0.822812	-0.788235	-0.952941
0.570123	-0.997559	-0.788235	-0.952941
0.570153	-0.997559	-0.788235	-0.952941
-0.997559	0.569421	-0.788235	-0.952941
0.822446	-0.997559	-0.788235	-0.952941
0.822477	-0.997559	-0.788235	-0.952941
0.570184	-0.997559	-0.788235	-0.952941
-0.997559	0.822934	-0.788235	-0.952941
0.822965	-0.997559	-0.788235	-0.952941
-0.997559	0.822995	-0.788235	-0.952941
0.823026	-0.997559	-0.788235	-0.952941
-0.997559	0.823026	-0.788235	-0.952941
-0.997559	0.823056	-0.788235	-0.952941
0.823087	-0.997559	-0.788235	-0.952941
-0.997559	0.823087	-0.788235	-0.952941
0.823117	-0.997559	-0.788235	-0.952941
0.570459	-0.997559	-0.788235	-0.952941
-0.997559	0.113085	-0.788235	-0.952941
0.657404	-0.997559	-0.788235	-0.952941
-0.997559	0.657404	-0.788235	-0.952941
0.604852	-0.997559	-0.788235	-0.952941
-0.997559	0.604852	-0.788235	-0.952941
0.57055	-0.997559	-0.788235	-0.952941
-0.997559	0.57055	-0.788235	-0.952941
0.570581	-0.997559	-0.788235	-0.952941
-0.997559	0.570581	-0.788235	-0.952941
0.570642	-0.997559	-0.788235	-0.952941
0.322805	-0.998383	-1	-0.866667
-0.997559	0.780941	-0.788235	-0.952941
0.0784771	-0.998383	-1	-0.866667
0.823423	-0.997559	-0.788235	-0.952941
0.070695	-0.997559	-0.788235	-0.952941
-0.997559	0.570977	-0.788235	-0.952941
-0.997559	0.823758	-0.788235	-0.952941
0.82385	-0.997559	-0.788235	-0.952941
-0.997559	0.82385	-0.788235	-0.952941
-0.997559	0.82388	-0.788235	-0.952941
-0.997559	0.823911	-0.788235	-0.952941
0.823972	-0.997559	-0.788235	-0.952941
-0.997559	0.823972	-0.788235	-0.952941
-0.997559	0.824002	-0.788235	-0.952941
0.824033	-0.997559	-0.788235	-0.952941
0.824063	-0.997559	-0.788235	-0.952941
0.571374	-0.997559	-0.788235	-0.952941
0.705928	-0.997559	-0.788235	-0.952941
-0.997559	0.705928	-0.788235	-0.952941
-0.998383	0.662806	-1	-0.866667
0.679347	-0.998383	-1	-0.866667
-0.998383	0.446799	-1	-0.866667
0.446799	-0.998383	-1	-0.866667
0.185321	-0.997559	-0.788235	-0.952941
-0.997559	0.185321	-0.788235	-0.952941
-0.997559	0.632013	-0.788235	-0.952941
0.824643	-0.997559	-0.788235	-0.952941
-0.997559	0.824643	-0.788235	-0.952941
0.699001	-0.986481	-0.764706	-0.952941
-0.986481	0.699001	-0.764706	-0.952941
0.170245	-0.997559	-0.788235	-0.952941
-0.997559	0.10042	-0.788235	-0.952941
-0.997559	0.857725	-0.788235	-0.952941
0.857786	-0.997559	-0.788235	-0.952941
-0.997559	0.857786	-0.788235	-0.952941
0.266804	-0.997559	-0.788235	-0.952941
-0.997559	0.266804	-0.788235	-0.952941
0.266835	-0.997559	-0.788235	-0.952941
0.423301	-0.997559	-0.788235	-0.952941
-0.997559	0.537255	-0.796078	-0.952941
0.699062	-0.986481	-0.764706	-0.952941
-0.986481	0.699092	-0.756863	-0.952941
0.699123	-0.986481	-0.764706	-0.952941
0.699153	-0.986481	-0.764706	-0.952941
-0.986481	0.699153	-0.756863	-0.952941
0.699184	-0.986481	-0.764706	-0.952941
-0.986481	0.699184	-0.756863	-0.952941
0.0981003	-0.998383	-1	-0.866667
-0.998383	0.515679	-1	-0.866667
0.515679	-0.998383	-1	-0.866667
0.0920882	-0.998383	-1	-0.866667
0.824277	-0.997559	-0.788235	-0.952941
0.571588	-0.997559	-0.788235	-0.952941
-0.997559	0.571588	-0.788235	-0.952941
0.824338	-0.997559	-0.788235	-0.952941
-0.997559	0.824369	-0.788235	-0.952941
0.824399	-0.997559	-0.788235	-0.952941
-0.998383	0.841276	-1	-0.866667
0.841276	-0.998383	-1	-0.866667
0.82443	-0.997559	-0.788235	-0.952941
-0.997559	0.82443	-0.788235	-0.952941
-0.997559	0.824521	-0.788235	-0.952941
-0.997559	0.824552	-0.788235	-0.952941
0.824582	-0.997559	-0.788235	-0.952941
0.571893	-0.997559	-0.788235	-0.952941
-0.997559	0.824643	-0.788235	-0.952941
-0.997559	0.824674	-0.788235	-0.952941
0.824704	-0.997559	-0.788235	-0.952941
-0.997559	0.824735	-0.788235	-0.952941
0.572045	-0.997559	-0.788235	-0.952941
-0.998383	0.0142061	-1	-0.866667
0.0142061	-0.998383	-1	-0.866667
-0.997559	0.824826	-0.788235	-0.952941
0.824887	-0.997559	-0.788235	-0.952941
-0.997559	0.824887	-0.788235	-0.952941
-0.997559	0.824918	-0.788235	-0.952941
0.824979	-0.997559	-0.788235	-0.952941
-0.997559	0.824979	-0.788235	-0.952941
0.82501	-0.997559	-0.788235	-0.952941
-0.997559	0.82501	-0.788235	-0.952941
0.547234	-0.998383	-1	-0.866667
0.0133211	-0.998383	-1	-0.866667
-0.997559	0.0722515	-0.788235	-0.952941
0.825101	-0.997559	-0.788235	-0.952941
-0.997559	0.825132	-0.788235	-0.952941
-0.998383	0.692775	-1	-0.866667
0.692775	-0.998383	-1	-0.866667
-0.997559	0.825254	-0.788235	-0.952941
-0.997559	0.825315	-0.788235	-0.952941
0.707179	-0.997559	-0.788235	-0.952941
-0.998383	0.399252	-1	-0.866667
0.399252	-0.998383	-1	-0.866667
-0.998383	0.830442	-1	-0.866667
-0.998383	0.265919	-1	-0.866667
0.336904	-0.998383	-1	-0.866667
-0.998383	0.435477	-1	-0.866667
0.435477	-0.998383	-1	-0.866667
-0.998383	0.0260777	-1	-0.866667
0.0260777	-0.998383	-1	-0.866667
-0.998383	0.320729	-1	-0.866667
0.320729	-0.998383	-1	-0.866667
-0.998383	0.55938	-1	-0.866667
0.55938	-0.998383	-1	-0.866667
-0.998383	0.763973	-1	-0.866667
0.572778	-0.997559	-0.788235	-0.952941
-0.997559	0.572778	-0.788235	-0.952941
-0.997559	0.572808	-0.788235	-0.952941
0.825559	-0.997559	-0.788235	-0.952941
-0.997559	0.82565	-0.788235	-0.952941
0.572961	-0.997559	-0.788235	-0.952941
-0.997559	0.825742	-0.788235	-0.952941
0.825772	-0.997559	-0.788235	-0.952941
-0.997559	0.825772	-0.788235	-0.952941
-0.997559	0.825803	-0.788235	-0.952941
-0.997559	0.825864	-0.788235	-0.952941
0.0732586	-0.997559	-0.788235	-0.952941
-0.997559	0.826078	-0.788235	-0.952941
0.826139	-0.997559	-0.788235	-0.952941
-0.997559	0.826139	-0.788235	-0.952941
0.8262	-0.997559	-0.788235	-0.952941
-0.997559	0.8262	-0.788235	-0.952941
0.573541	-0.997559	-0.788235	-0.952941
0.708095	-0.997559	-0.788235	-0.952941
-0.997559	0.708095	-0.788235	-0.952941
-0.997559	0.116197	-0.788235	-0.952941
-0.998383	0.114977	-1	-0.866667
0.299031	-0.997559	-0.788235	-0.952941
-0.997559	0.299031	-0.788235	-0.952941
0.659815	-0.997559	-0.788235	-0.952941
-0.997559	0.825925	-0.788235	-0.952941
0.79556	-0.997559	-0.788235	-0.952941
-0.997559	0.79556	-0.788235	-0.952941
-0.998383	0.397024	-1	-0.866667
0.60824	-0.997559	-0.788235	-0.952941
0.826444	-0.997559	-0.788235	-0.952941
-0.997559	0.826444	-0.788235	-0.952941
0.826505	-0.997559	-0.788235	-0.952941
-0.997559	0.826535	-0.788235	-0.952941
-0.997559	0.826566	-0.788235	-0.952941
0.826627	-0.997559	-0.788235	-0.952941
0.826658	-0.997559	-0.788235	-0.952941
-0.997559	0.826688	-0.788235	-0.952941
-0.997559	0.826719	-0.788235	-0.952941
-0.997559	0.574029	-0.788235	-0.952941
0.82681	-0.997559	-0.788235	-0.952941
-0.997559	0.82681	-0.788235	-0.952941
-0.997559	0.826871	-0.788235	-0.952941
-0.997559	0.826993	-0.788235	-0.952941
-0.997559	0.827024	-0.788235	-0.952941
0.827054	-0.997559	-0.788235	-0.952941
0.827085	-0.997559	-0.788235	-0.952941
-0.997559	0.0743572	-0.788235	-0.952941
0.827176	-0.997559	-0.788235	-0.952941
-0.997559	0.827176	-0.788235	-0.952941
0.827237	-0.997559	-0.788235	-0.952941
-0.997559	0.827237	-0.788235	-0.952941
0.827268	-0.997559	-0.788235	-0.952941
-0.997559	0.117235	-0.788235	-0.952941
-0.997559	0.827329	-0.788235	-0.952941
0.827298	-0.997559	-0.788235	-0.952941
-0.997559	0.827298	-0.788235	-0.952941
0.609339	-0.997559	-0.788235	-0.952941
0.140429	-0.998383	-1	-0.866667
-0.998383	0.402853	-1	-0.866667
-0.997559	0.71667	-0.788235	-0.952941
-0.998383	0.51397	-1	-0.866667
0.51397	-0.998383	-1	-0.866667
0.716732	-0.997559	-0.788235	-0.952941
-0.997559	0.716732	-0.788235	-0.952941
-0.998383	0.273121	-1	-0.866667
0.273121	-0.998383	-1	-0.866667
-0.998383	0.308339	-1	-0.866667
0.308339	-0.998383	-1	-0.866667
-0.998383	0.418784	-1	-0.866667
0.418784	-0.998383	-1	-0.866667
-0.998383	0.636896	-1	-0.866667
-0.998383	0.479362	-1	-0.866667
0.71841	-0.998383	-1	-0.866667
-0.998383	0.665003	-1	-0.866667
0.665003	-0.998383	-1	-0.866667
-0.998383	0.666804	-1	-0.866667
-0.998383	0.621973	-1	-0.866667
0.621973	-0.998383	-1	-0.866667
0.137652	-0.998383	-1	-0.866667
0.675257	-0.998383	-1	-0.866667
-0.998383	0.351919	-1	-0.866667
0.730037	-0.998383	-1	-0.866667
-0.998383	0.0570535	-1	-0.866667
-0.997559	0.761044	-0.788235	-0.952941
0.791775	-0.997559	-0.788235	-0.952941
0.791806	-0.997559	-0.788235	-0.952941
-0.997559	0.791806	-0.788235	-0.952941
0.669245	-0.997559	-0.788235	-0.952941
-0.997559	0.669276	-0.788235	-0.952941
0.669306	-0.997559	-0.788235	-0.952941
-0.997559	0.669306	-0.788235	-0.952941
0.669337	-0.997559	-0.788235	-0.952941
-0.997559	0.669337	-0.788235	-0.952941
-0.997559	0.669368	-0.788235	-0.952941
0.669398	-0.997559	-0.788235	-0.952941
-0.998383	0.755428	-1	-0.866667
0.755428	-0.998383	-1	-0.866667
-0.998383	0.0777752	-1	-0.866667
0.0777752	-0.998383	-1	-0.866667
0.844388	-0.997559	-0.788235	-0.952941
-0.997559	0.844388	-0.788235	-0.952941
0.53698	-0.997559	-0.788235	-0.952941
0.537041	-0.997559	-0.788235	-0.952941
-0.998383	0.612299	-1	-0.866667
0.794461	-0.997559	-0.788235	-0.952941
0.794522	-0.997559	-0.788235	-0.952941
-0.997559	0.794522	-0.788235	-0.952941
0.00157168	-0.997559	-0.788235	-0.952941
0.776303	-0.997559	-0.788235	-0.952941
-0.997559	0.776303	-0.788235	-0.952941
0.776333	-0.997559	-0.788235	-0.952941
-0.997559	0.776333	-0.788235	-0.952941
0.776364	-0.997559	-0.788235	-0.952941
0.125139	-0.997559	-0.788235	-0.952941
-0.997559	0.125139	-0.788235	-0.952941
-0.997559	0.537163	-0.788235	-0.952941
-0.997559	0.537224	-0.788235	-0.952941
0.537316	-0.997559	-0.788235	-0.952941
-0.997559	0.537316	-0.788235	-0.952941
0.537346	-0.997559	-0.788235	-0.952941
-0.997559	0.537346	-0.788235	-0.952941
-0.998383	0.819821	-1	-0.866667
0.819821	-0.998383	-1	-0.866667
0.125322	-0.997559	-0.788235	-0.952941
0.125414	-0.997559	-0.788235	-0.952941
-0.997559	0.844938	-0.788235	-0.952941
0.53753	-0.997559	-0.788235	-0.952941
-0.997559	0.537591	-0.788235	-0.952941
-0.998383	0.493767	-1	-0.866667
0.493767	-0.998383	-1	-0.866667
0.125628	-0.997559	-0.788235	-0.952941
-0.997559	0.125628	-0.788235	-0.952941
0.125658	-0.997559	-0.788235	-0.952941
-0.997559	0.125658	-0.788235	-0.952941
-0.998383	0.859556	-1	-0.866667
0.244984	-0.998383	-1	-0.866667
0.633814	-0.997559	-0.788235	-0.952941
-0.997559	0.633814	-0.788235	-0.952941
0.811368	-0.998383	-1	-0.866667
-0.998383	0.448631	-1	-0.866667
0.448631	-0.998383	-1	-0.866667
-0.998383	0.677302	-1	-0.866667
0.238544	-0.998383	-1	-0.866667
-0.998383	0.308492	-1	-0.866667
0.042771	-0.998383	-1	-0.866667
0.517266	-0.998383	-1	-0.866667
-0.998383	0.0298924	-1	-0.866667
-0.998383	0.384146	-1	-0.866667
-0.998383	0.472587	-1	-0.866667
-0.998383	0.840055	-1	-0.866667
0.840055	-0.998383	-1	-0.866667
-0.998383	0.829801	-1	-0.866667
-0.998383	0.303639	-1	-0.866667
0.303639	-0.998383	-1	-0.866667
-0.998383	0.0829633	-1	-0.866667
0.0829633	-0.998383	-1	-0.866667
-0.998383	0.626123	-1	-0.866667
0.626123	-0.998383	-1	-0.866667
-0.998383	0.427237	-1	-0.866667
-0.998383	0.789944	-1	-0.866667
-0.998383	0.171344	-1	-0.866667
0.171344	-0.998383	-1	-0.866667
-0.998383	0.0599222	-1	-0.866667
0.0599222	-0.998383	-1	-0.866667
-0.998383	0.650568	-1	-0.866667
-0.998383	0.482017	-1	-0.866667
0.482017	-0.998383	-1	-0.866667
-0.998383	0.104845	-1	-0.866667
0.104845	-0.998383	-1	-0.866667
-0.998383	0.224537	-1	-0.866667
0.544091	-0.998383	-1	-0.866667
-0.998383	0.0918135	-1	-0.866667
0.212634	-0.998383	-1	-0.866667
-0.998383	0.463005	-1	-0.866667
-0.998383	0.504326	-1	-0.866667
0.504326	-0.998383	-1	-0.866667
0.405417	-0.998383	-1	-0.866667
0.566613	-0.998383	-1	-0.866667
0.462364	-0.998383	-1	-0.866667
-0.998383	0.697292	-1	-0.866667
-0.998383	0.578698	-1	-0.866667
0.578698	-0.998383	-1	-0.866667
-0.998383	0.505882	-1	-0.866667
0.505882	-0.998383	-1	-0.866667
-0.998383	0.520256	-1	-0.866667
0.520256	-0.998383	-1	-0.866667
0.041001	-0.998383	-1	-0.866667
0.226917	-0.998383	-1	-0.866667
-0.998383	0.856504	-1	-0.866667
0.856504	-0.998383	-1	-0.866667
0.170275	-0.998383	-1	-0.866667
0.169512	-0.998383	-1	-0.866667
-0.998383	0.248981	-1	-0.866667
0.248981	-0.998383	-1	-0.866667
0.245472	-0.998383	-1	-0.866667
-0.998383	0.534386	-1	-0.866667
-0.998383	0.816922	-1	-0.866667
0.816922	-0.998383	-1	-0.866667
-0.986481	0.811368	-0.788235	-0.952941
-0.986481	0.811429	-0.788235	-0.952941
-0.986481	0.811521	-0.788235	-0.952941
0.811765	-0.986481	-0.756863	-0.952941
0.125292	-0.998383	-1	-0.866667
-0.997559	0.246052	-0.788235	-0.952941
0.811337	-0.986481	-0.788235	-0.952941
0.81149	-0.986481	-0.788235	-0.952941
-0.986481	0.811551	-0.788235	-0.952941
-0.986481	0.811612	-0.788235	-0.952941
0.811673	-0.986481	-0.788235	-0.952941
-0.986481	0.811673	-0.788235	-0.952941
0.21471	-0.998383	-1	-0.866667
-0.998383	0.588586	-1	-0.866667
-0.997559	0.532647	-0.788235	-0.952941
-0.998383	0.132677	-1	-0.866667
0.132677	-0.998383	-1	-0.866667
0.297658	-0.997559	-0.796078	-0.952941
0.633082	-0.997559	-0.796078	-0.952941
0.278248	-0.997559	-0.796078	-0.952941
0.278309	-0.997559	-0.796078	-0.952941
-0.997559	0.278309	-0.796078	-0.952941
0.27834	-0.997559	-0.796078	-0.952941
0.27837	-0.997559	-0.796078	-0.952941
-0.997559	0.27837	-0.796078	-0.952941
0.278401	-0.997559	-0.796078	-0.952941
-0.997559	0.278431	-0.796078	-0.952941
-0.997559	0.531426	-0.796078	-0.952941
0.287587	-0.997559	-0.796078	-0.952941
-0.997559	0.287587	-0.796078	-0.952941
0.074052	-0.997559	-0.796078	-0.952941
0.811704	-0.986481	-0.796078	-0.952941
-0.986481	0.811826	-0.796078	-0.952941
0.596185	-0.997559	-0.796078	-0.952941
-0.986481	0.640284	-0.796078	-0.952941
0.640223	-0.986481	-0.796078	-0.952941
-0.986481	0.640223	-0.796078	-0.952941
0.640131	-0.986481	-0.796078	-0.952941
0.640253	-0.986481	-0.796078	-0.952941
-0.998383	0.215595	-1	-0.866667
-0.998383	0.216907	-1	-0.866667
0.216907	-0.998383	-1	-0.866667
0.780819	-0.998383	-1	-0.866667
0.726162	-0.998383	-1	-0.866667
0.30602	-0.998383	-1	-0.866667
0.258198	-0.998383	-1	-0.866667
0.73962	-0.998383	-1	-0.866667
0.795682	-0.998383	-1	-0.866667
-1	-0.937499	-1	-0.992157
-1	-1	-1	-0.992157
-0.998383	0.566064	-1	-0.866667
-0.998383	0.0142367	-1	-0.866667
0.0142367	-0.998383	-1	-0.866667
0.727993	-0.998383	-1	-0.866667
-0.998383	0.220722	-1	-0.866667
0.220722	-0.998383	-1	-0.866667
0.108354	-0.998383	-1	-0.866667
-1	-1	-1	-0.992157
0.680171	-0.998383	-1	-0.866667
-1	-0.937499	-1	-0.992157
-1	-0.937499	-1	-0.992157
-1	-0.937499	-1	-0.992157
0.0496071	-0.998383	-1	-0.866667
-0.998383	0.235584	-1	-0.866667
0.235584	-0.998383	-1	-0.866667
-0.998383	0.349477	-1	-0.866667
-0.998383	0.576593	-1	-0.866667
0.576593	-0.998383	-1	-0.866667
0.218677	-0.998383	-1	-0.866667
-0.998383	0.275593	-1	-0.866667
0.275593	-0.998383	-1	-0.866667
-0.998383	0.198962	-1	-0.866667
0.198962	-0.998383	-1	-0.866667
0.654322	-0.998383	-1	-0.866667
0.713344	-0.998383	-1	-0.866667
-0.998383	0.711879	-1	-0.866667
-1	-0.937499	-1	-0.992157
-1	-1	-1	-0.992157
-1	-1	-1	-0.992157
-0.932189	0.539452	-0.788235	-0.952941
0.0116121	0.849577	-0.788235	-0.952941
0.099321	-0.999329	-0.788235	-0.952941
0.099382	-0.999329	-0.788235	-0.952941
-0.999329	0.0994125	-0.788235	-0.952941
0.0994125	-0.999329	-0.788235	-0.952941
0.849577	0.588983	-0.788235	-0.952941
-0.999329	0.0993515	-0.788235	-0.952941
